




































































9,13,10,14,12,16,17,18,15,19,21,22,219,220,218,226,227,228,221,229,234,235,236,237,242,243,244,245,283,291,284,292,290,293,298,299,300,301,307,308,347,348,355,356,354,362,363,364,357,365,371,372,3246,3247,3262,3263,3248,3264,3249,3265,3278,3279,3280,3281,3294,3295,3296,3297,3503,3504,3519,3520,3518,3534,3535,3536,3521,3537,3551,3552,3759,3760,3775,3776,3791,3792,3777,3793,3807,3808,4031,4032,4047,4048,4287,4288,4303,4304,4543,4544,4559,4560
3553,3774,3790







9,13,10,14,12,16,17,18,15,19,21,22,219,220,218,226,227,228,221,229,234,235,236,237,242,243,244,245,283,291,284,292,290,293,298,299,300,301,307,308,347,348,355,356,354,362,363,364,357,365,371,372,3246,3247,3262,3263,3248,3264,3249,3265,3278,3279,3280,3281,3294,3295,3296,3297,3503,3504,3519,3520,3518,3534,3535,3536,3521,3537,3551,3552,3759,3760,3775,3776,3791,3792,3777,3793,3807,3808,4031,4032,4047,4048,4287,4288,4303,4304,4543,4544,4559,4560
3553,3774,3790












9,13,10,14,12,16,17,18,15,19,21,22,219,220,218,226,227,228,221,229,234,235,236,237,242,243,244,245,283,291,284,292,290,293,298,299,300,301,307,308,347,348,355,356,354,362,363,364,357,365,371,372,3246,3247,3262,3263,3248,3264,3249,3265,3278,3279,3280,3281,3294,3295,3296,3297,3503,3504,3519,3520,3518,3534,3535,3536,3521,3537,3551,3552,3759,3760,3775,3776,3791,3792,3777,3793,3807,3808,4031,4032,4047,4048,4287,4288,4303,4304,4543,4544,4559,4560
3553,3774,3790


















3550

9,13,10,14,12,16,17,18,15,19,21,22,219,220,218,226,227,228,221,229,234,235,236,237,242,243,244,245,283,291,284,292,290,293,298,299,300,301,307,308,347,348,355,356,354,362,363,364,357,365,371,372,3246,3247,3262,3263,3248,3264,3249,3265,3278,3279,3280,3281,3294,3295,3296,3297,3503,3504,3519,3520,3518,3534,3535,3536,3521,3537,3551,3552,3759,3760,3775,3776,3791,3792,3777,3793,3807,3808,4031,4032,4047,4048,4287,4288,4303,4304,4543,4544,4559,4560
3553,3774,3790














9,13,10,14,12,16,17,18,15,19,21,22,219,220,218,226,227,228,221,229,234,235,236,237,242,243,244,245,283,291,284,292,290,293,298,299,300,301,307,308,347,348,355,356,354,362,363,364,357,365,371,372,3246,3247,3262,3263,3248,3264,3249,3265,3278,3279,3280,3281,3294,3295,3296,3297,3503,3504,3519,3520,3518,3534,3535,3536,3521,3537,3551,3552,3759,3760,3775,3776,3791,3792,3777,3793,3807,3808,4031,4032,4047,4048,4287,4288,4303,4304,4543,4544,4559,4560
3553,3774,3790


















3550

285,3502,3505
282,4063,4064
309,4030,4046
306



4033,4049
4015,4016
3806

420
419,427,428,3758,3809
418,426,435,436,4286,4302
411,412,421,429,3761,4319,4320


4271,4272
4062,4289,4305
4014
4065,4542,4558
