




































































9,13,10,14,12,16,17,18,15,19,21,22,219,220,218,226,227,228,221,229,234,235,236,237,242,243,244,245,283,291,284,292,290,293,298,299,300,301,307,308,347,348,355,356,354,362,363,364,357,365,371,372,3246,3247,3262,3263,3248,3264,3249,3265,3278,3279,3280,3281,3294,3295,3296,3297,3503,3504,3519,3520,3518,3534,3535,3536,3521,3537,3551,3552,3759,3760,3775,3776,3791,3792,3777,3793,3807,3808,4031,4032,4047,4048,4287,4288,4303,4304,4543,4544,4559,4560
9,13,10,14,12,15,16,17,18,19,21,22,219,220,218,226,227,228,221,229,234,235,236,237,242,243,244,245,283,291,284,292,290,293,298,299,300,301,307,308,347,348,355,356,354,362,363,364,357,365,371,372,3246,3247,3262,3263,3248,3264,3249,3265,3278,3279,3280,3281,3294,3295,3296,3297,3503,3504,3519,3520,3518,3534,3535,3536,3521,3537,3551,3552,3553,3759,3760,3775,3776,3774,3790,3791,3792,3777,3793,3807,3808,4031,4032,4047,4048,4287,4288,4303,4304,4543,4544,4559,4560
9,13,10,14,12,15,16,17,18,19,21,22,219,220,218,226,227,228,221,229,234,235,236,237,242,243,244,245,283,291,284,292,290,293,298,299,300,301,307,308,347,348,355,356,354,362,363,364,357,365,371,372,3246,3247,3262,3263,3248,3264,3249,3265,3278,3279,3280,3281,3294,3295,3296,3297,3503,3504,3519,3520,3518,3534,3535,3536,3521,3537,3551,3552,3553,3759,3760,3775,3776,3774,3790,3791,3792,3777,3793,3807,3808,4031,4032,4047,4048,4287,4288,4303,4304,4543,4544,4559,4560
9,13,10,14,12,15,16,17,18,19,21,22,219,220,218,226,227,228,221,229,234,235,236,237,242,243,244,245,283,291,284,292,290,293,298,299,300,301,307,308,347,348,355,356,354,362,363,364,357,365,371,372,3246,3247,3262,3263,3248,3264,3249,3265,3278,3279,3280,3281,3294,3295,3296,3297,3503,3504,3519,3520,3518,3534,3535,3536,3521,3537,3551,3552,3759,3760,3775,3776,3774,3790,3791,3792,3777,3793,3807,3808,4031,4032,4047,4048,4287,4288,4303,4304,4543,4544,4559,4560
9,13,10,14,12,15,16,17,18,19,21,22,219,220,218,226,227,228,221,229,234,235,236,237,242,243,244,245,283,291,284,292,290,293,298,299,300,301,307,308,347,348,355,356,354,362,363,364,357,365,371,372,3246,3247,3262,3263,3248,3264,3249,3265,3278,3279,3280,3281,3294,3295,3296,3297,3503,3504,3519,3520,3518,3534,3535,3536,3521,3537,3551,3552,3759,3760,3775,3776,3774,3790,3791,3792,3777,3793,3807,3808,4031,4032,4047,4048,4287,4288,4303,4304,4543,4544,4559,4560
9,13,10,14,12,15,16,17,18,19,21,22,219,220,218,226,227,228,221,229,234,235,236,237,242,243,244,245,283,291,284,292,290,293,298,299,300,301,307,308,347,348,355,356,354,362,363,364,357,365,371,372,3246,3247,3262,3263,3248,3264,3249,3265,3278,3279,3280,3281,3294,3295,3296,3297,3503,3504,3519,3520,3518,3534,3535,3536,3521,3537,3551,3552,3759,3760,3775,3776,3774,3790,3791,3792,3777,3793,3807,3808,4031,4032,4047,4048,4287,4288,4303,4304,4543,4544,4559,4560
9,13,10,14,12,15,16,17,18,19,21,22,219,220,218,226,227,228,221,229,234,235,236,237,242,243,244,245,283,291,284,292,290,293,298,299,300,301,307,308,347,348,355,356,354,362,363,364,357,365,371,372,3246,3247,3262,3263,3248,3264,3249,3265,3278,3279,3280,3281,3294,3295,3296,3297,3503,3504,3519,3520,3518,3534,3535,3536,3521,3537,3551,3552,3759,3760,3775,3776,3774,3790,3791,3792,3777,3793,3807,3808,4031,4032,4047,4048,4287,4288,4303,4304,4543,4544,4559,4560
9,13,10,14,12,15,16,17,18,19,21,22,219,220,218,226,227,228,221,229,234,235,236,237,242,243,244,245,283,291,284,292,290,293,298,299,300,301,307,308,347,348,355,356,354,362,363,364,357,365,371,372,3246,3247,3262,3263,3248,3264,3249,3265,3278,3279,3280,3281,3294,3295,3296,3297,3503,3504,3519,3520,3518,3534,3535,3536,3521,3537,3551,3552,3759,3760,3775,3776,3774,3790,3791,3792,3777,3793,3807,3808,4031,4032,4047,4048,4287,4288,4303,4304,4543,4544,4559,4560
9,13,10,14,12,15,16,17,18,19,21,22,219,220,218,226,227,228,221,229,234,235,236,237,242,243,244,245,283,291,284,292,290,293,298,299,300,301,307,308,347,348,355,356,354,362,363,364,357,365,371,372,3246,3247,3262,3263,3248,3264,3249,3265,3278,3279,3280,3281,3294,3295,3296,3297,3503,3504,3519,3520,3518,3534,3535,3536,3521,3537,3551,3552,3759,3760,3775,3776,3774,3790,3791,3792,3777,3793,3807,3808,4031,4032,4047,4048,4287,4288,4303,4304,4543,4544,4559,4560
9,13,10,14,12,16,17,18,15,19,21,22,219,220,218,226,227,228,221,229,234,235,236,237,242,243,244,245,283,291,284,292,290,293,298,299,300,301,307,308,347,348,355,356,354,362,363,364,357,365,371,372,3246,3247,3262,3263,3248,3264,3249,3265,3278,3279,3280,3281,3294,3295,3296,3297,3503,3504,3519,3520,3518,3534,3535,3536,3521,3537,3551,3552,3759,3760,3775,3776,3791,3792,3777,3793,3807,3808,4031,4032,4047,4048,4287,4288,4303,4304,4543,4544,4559,4560
9,13,10,14,12,15,16,17,18,19,21,22,219,220,218,226,227,228,221,229,234,235,236,237,242,243,244,245,283,291,284,292,290,293,298,299,300,301,307,308,347,348,355,356,354,362,363,364,357,365,371,372,3246,3247,3262,3263,3248,3264,3249,3265,3278,3279,3280,3281,3294,3295,3296,3297,3503,3504,3519,3520,3518,3534,3535,3536,3521,3537,3551,3552,3553,3759,3760,3775,3776,3774,3790,3791,3792,3777,3793,3807,3808,4031,4032,4047,4048,4287,4288,4303,4304,4543,4544,4559,4560
9,13,10,14,12,15,16,17,18,19,21,22,219,220,218,226,227,228,221,229,234,235,236,237,242,243,244,245,283,291,284,292,290,293,298,299,300,301,307,308,347,348,355,356,354,362,363,364,357,365,371,372,3246,3247,3262,3263,3248,3264,3249,3265,3278,3279,3280,3281,3294,3295,3296,3297,3503,3504,3519,3520,3518,3534,3535,3536,3521,3537,3551,3552,3553,3759,3760,3775,3776,3774,3790,3791,3792,3777,3793,3807,3808,4031,4032,4047,4048,4287,4288,4303,4304,4543,4544,4559,4560
9,13,10,14,12,15,16,17,18,19,21,22,219,220,218,226,227,228,221,229,234,235,236,237,242,243,244,245,283,291,284,292,290,293,298,299,300,301,307,308,347,348,355,356,354,362,363,364,357,365,371,372,3246,3247,3262,3263,3248,3264,3249,3265,3278,3279,3280,3281,3294,3295,3296,3297,3503,3504,3519,3520,3518,3534,3535,3536,3521,3537,3551,3552,3759,3760,3775,3776,3774,3790,3791,3792,3777,3793,3807,3808,4031,4032,4047,4048,4287,4288,4303,4304,4543,4544,4559,4560
9,13,10,14,12,15,16,17,18,19,21,22,219,220,218,226,227,228,221,229,234,235,236,237,242,243,244,245,283,291,284,292,290,293,298,299,300,301,307,308,347,348,355,356,354,362,363,364,357,365,371,372,3246,3247,3262,3263,3248,3264,3249,3265,3278,3279,3280,3281,3294,3295,3296,3297,3503,3504,3519,3520,3518,3534,3535,3536,3521,3537,3551,3552,3759,3760,3775,3776,3774,3790,3791,3792,3777,3793,3807,3808,4031,4032,4047,4048,4287,4288,4303,4304,4543,4544,4559,4560
9,13,10,14,12,15,16,17,18,19,21,22,219,220,218,226,227,228,221,229,234,235,236,237,242,243,244,245,283,291,284,292,290,293,298,299,300,301,307,308,347,348,355,356,354,362,363,364,357,365,371,372,3246,3247,3262,3263,3248,3264,3249,3265,3278,3279,3280,3281,3294,3295,3296,3297,3503,3504,3519,3520,3518,3534,3535,3536,3521,3537,3551,3552,3759,3760,3775,3776,3774,3790,3791,3792,3777,3793,3807,3808,4031,4032,4047,4048,4287,4288,4303,4304,4543,4544,4559,4560
9,13,10,14,12,15,16,17,18,19,21,22,219,220,218,226,227,228,221,229,234,235,236,237,242,243,244,245,283,291,284,292,290,293,298,299,300,301,307,308,347,348,355,356,354,362,363,364,357,365,371,372,3246,3247,3262,3263,3248,3264,3249,3265,3278,3279,3280,3281,3294,3295,3296,3297,3503,3504,3519,3520,3518,3534,3535,3536,3521,3537,3551,3552,3759,3760,3775,3776,3774,3790,3791,3792,3777,3793,3807,3808,4031,4032,4047,4048,4287,4288,4303,4304,4543,4544,4559,4560
9,13,10,14,12,15,16,17,18,19,21,22,219,220,218,226,227,228,221,229,234,235,236,237,242,243,244,245,283,291,284,292,290,293,298,299,300,301,307,308,347,348,355,356,354,362,363,364,357,365,371,372,3246,3247,3262,3263,3248,3264,3249,3265,3278,3279,3280,3281,3294,3295,3296,3297,3503,3504,3519,3520,3518,3534,3535,3536,3521,3537,3551,3552,3759,3760,3775,3776,3774,3790,3791,3792,3777,3793,3807,3808,4031,4032,4047,4048,4287,4288,4303,4304,4543,4544,4559,4560
9,13,10,14,12,15,16,17,18,19,21,22,219,220,218,226,227,228,221,229,234,235,236,237,242,243,244,245,283,291,284,292,290,293,298,299,300,301,307,308,347,348,355,356,354,362,363,364,357,365,371,372,3246,3247,3262,3263,3248,3264,3249,3265,3278,3279,3280,3281,3294,3295,3296,3297,3503,3504,3519,3520,3518,3534,3535,3536,3521,3537,3551,3552,3759,3760,3775,3776,3774,3790,3791,3792,3777,3793,3807,3808,4031,4032,4047,4048,4287,4288,4303,4304,4543,4544,4559,4560
9,13,10,14,12,15,16,17,18,19,21,22,219,220,218,226,227,228,221,229,234,235,236,237,242,243,244,245,283,291,284,292,290,293,298,299,300,301,307,308,347,348,355,356,354,362,363,364,357,365,371,372,3246,3247,3262,3263,3248,3264,3249,3265,3278,3279,3280,3281,3294,3295,3296,3297,3503,3504,3519,3520,3518,3534,3535,3536,3521,3537,3551,3552,3759,3760,3775,3776,3774,3790,3791,3792,3777,3793,3807,3808,4031,4032,4047,4048,4287,4288,4303,4304,4543,4544,4559,4560
9,13,10,14,12,15,16,17,18,19,21,22,219,220,218,226,227,228,221,229,234,235,236,237,242,243,244,245,283,291,284,292,290,293,298,299,300,301,307,308,347,348,355,356,354,362,363,364,357,365,371,372,3246,3247,3262,3263,3248,3264,3249,3265,3278,3279,3280,3281,3294,3295,3296,3297,3503,3504,3519,3520,3518,3534,3535,3536,3521,3537,3551,3552,3759,3760,3775,3776,3774,3790,3791,3792,3777,3793,3807,3808,4031,4032,4047,4048,4287,4288,4303,4304,4543,4544,4559,4560
9,13,10,14,12,15,16,17,18,19,21,22,219,220,218,226,227,228,221,229,234,235,236,237,242,243,244,245,283,291,284,292,290,293,298,299,300,301,307,308,347,348,355,356,354,362,363,364,357,365,371,372,3246,3247,3262,3263,3248,3264,3249,3265,3278,3279,3280,3281,3294,3295,3296,3297,3503,3504,3519,3520,3518,3534,3535,3536,3521,3537,3551,3552,3759,3760,3775,3776,3774,3790,3791,3792,3777,3793,3807,3808,4031,4032,4047,4048,4287,4288,4303,4304,4543,4544,4559,4560
9,13,10,14,12,15,16,17,18,19,21,22,219,220,218,226,227,228,221,229,234,235,236,237,242,243,244,245,283,291,284,292,290,293,298,299,300,301,307,308,347,348,355,356,354,362,363,364,357,365,371,372,3246,3247,3262,3263,3248,3264,3249,3265,3278,3279,3280,3281,3294,3295,3296,3297,3503,3504,3519,3520,3518,3534,3535,3536,3521,3537,3551,3552,3759,3760,3775,3776,3774,3790,3791,3792,3777,3793,3807,3808,4031,4032,4047,4048,4287,4288,4303,4304,4543,4544,4559,4560
9,13,10,14,12,15,16,17,18,19,21,22,219,220,218,226,227,228,221,229,234,235,236,237,242,243,244,245,283,291,284,292,290,293,298,299,300,301,307,308,347,348,355,356,354,362,363,364,357,365,371,372,3246,3247,3262,3263,3248,3264,3249,3265,3278,3279,3280,3281,3294,3295,3296,3297,3503,3504,3519,3520,3518,3534,3535,3536,3521,3537,3551,3552,3759,3760,3775,3776,3774,3790,3791,3792,3777,3793,3807,3808,4031,4032,4047,4048,4287,4288,4303,4304,4543,4544,4559,4560
9,13,10,14,12,16,17,18,15,19,21,22,219,220,218,226,227,228,221,229,234,235,236,237,242,243,244,245,283,291,284,292,290,293,298,299,300,301,307,308,347,348,355,356,354,362,363,364,357,365,371,372,3246,3247,3262,3263,3248,3264,3249,3265,3278,3279,3280,3281,3294,3295,3296,3297,3503,3504,3519,3520,3518,3534,3535,3536,3521,3537,3551,3552,3759,3760,3775,3776,3791,3792,3777,3793,3807,3808,4031,4032,4047,4048,4287,4288,4303,4304,4543,4544,4559,4560
9,13,10,14,12,15,16,17,18,19,21,22,219,220,218,226,227,228,221,229,234,235,236,237,242,243,244,245,283,291,284,292,290,293,298,299,300,301,307,308,347,348,355,356,354,362,363,364,357,365,371,372,3246,3247,3262,3263,3248,3264,3249,3265,3278,3279,3280,3281,3294,3295,3296,3297,3503,3504,3519,3520,3518,3534,3535,3536,3521,3537,3551,3552,3553,3759,3760,3775,3776,3774,3790,3791,3792,3777,3793,3807,3808,4031,4032,4047,4048,4287,4288,4303,4304,4543,4544,4559,4560
9,13,10,14,12,15,16,17,18,19,21,22,219,220,218,226,227,228,221,229,234,235,236,237,242,243,244,245,283,291,284,292,290,293,298,299,300,301,307,308,347,348,355,356,354,362,363,364,357,365,371,372,3246,3247,3262,3263,3248,3264,3249,3265,3278,3279,3280,3281,3294,3295,3296,3297,3503,3504,3519,3520,3518,3534,3535,3536,3521,3537,3551,3552,3553,3759,3760,3775,3776,3774,3790,3791,3792,3777,3793,3807,3808,4031,4032,4047,4048,4287,4288,4303,4304,4543,4544,4559,4560
9,13,10,14,12,15,16,17,18,19,21,22,219,220,218,226,227,228,221,229,234,235,236,237,242,243,244,245,283,291,284,292,290,293,298,299,300,301,307,308,347,348,355,356,354,362,363,364,357,365,371,372,3246,3247,3262,3263,3248,3264,3249,3265,3278,3279,3280,3281,3294,3295,3296,3297,3503,3504,3519,3520,3518,3534,3535,3536,3521,3537,3551,3552,3759,3760,3775,3776,3774,3790,3791,3792,3777,3793,3807,3808,4031,4032,4047,4048,4287,4288,4303,4304,4543,4544,4559,4560
9,13,10,14,12,15,16,17,18,19,21,22,219,220,218,226,227,228,221,229,234,235,236,237,242,243,244,245,283,291,284,292,290,293,298,299,300,301,307,308,347,348,355,356,354,362,363,364,357,365,371,372,3246,3247,3262,3263,3248,3264,3249,3265,3278,3279,3280,3281,3294,3295,3296,3297,3503,3504,3519,3520,3518,3534,3535,3536,3521,3537,3551,3552,3759,3760,3775,3776,3774,3790,3791,3792,3777,3793,3807,3808,4031,4032,4047,4048,4287,4288,4303,4304,4543,4544,4559,4560
9,13,10,14,12,15,16,17,18,19,21,22,219,220,218,226,227,228,221,229,234,235,236,237,242,243,244,245,283,291,284,292,290,293,298,299,300,301,307,308,347,348,355,356,354,362,363,364,357,365,371,372,3246,3247,3262,3263,3248,3264,3249,3265,3278,3279,3280,3281,3294,3295,3296,3297,3503,3504,3519,3520,3518,3534,3535,3536,3521,3537,3551,3552,3759,3760,3775,3776,3774,3790,3791,3792,3777,3793,3807,3808,4031,4032,4047,4048,4287,4288,4303,4304,4543,4544,4559,4560
9,13,10,14,12,15,16,17,18,19,21,22,219,220,218,226,227,228,221,229,234,235,236,237,242,243,244,245,283,291,284,292,290,293,298,299,300,301,307,308,347,348,355,356,354,362,363,364,357,365,371,372,3246,3247,3262,3263,3248,3264,3249,3265,3278,3279,3280,3281,3294,3295,3296,3297,3503,3504,3519,3520,3518,3534,3535,3536,3521,3537,3551,3552,3759,3760,3775,3776,3774,3790,3791,3792,3777,3793,3807,3808,4031,4032,4047,4048,4287,4288,4303,4304,4543,4544,4559,4560
9,13,10,14,12,15,16,17,18,19,21,22,219,220,218,226,227,228,221,229,234,235,236,237,242,243,244,245,283,291,284,292,290,293,298,299,300,301,307,308,347,348,355,356,354,362,363,364,357,365,371,372,3246,3247,3262,3263,3248,3264,3249,3265,3278,3279,3280,3281,3294,3295,3296,3297,3503,3504,3519,3520,3518,3534,3535,3536,3521,3537,3551,3552,3759,3760,3775,3776,3774,3790,3791,3792,3777,3793,3807,3808,4031,4032,4047,4048,4287,4288,4303,4304,4543,4544,4559,4560
9,13,10,14,12,15,16,17,18,19,21,22,219,220,218,226,227,228,221,229,234,235,236,237,242,243,244,245,283,291,284,292,290,293,298,299,300,301,307,308,347,348,355,356,354,362,363,364,357,365,371,372,3246,3247,3262,3263,3248,3264,3249,3265,3278,3279,3280,3281,3294,3295,3296,3297,3503,3504,3519,3520,3518,3534,3535,3536,3521,3537,3551,3552,3759,3760,3775,3776,3774,3790,3791,3792,3777,3793,3807,3808,4031,4032,4047,4048,4287,4288,4303,4304,4543,4544,4559,4560
9,13,10,14,12,15,16,17,18,19,21,22,219,220,218,226,227,228,221,229,234,235,236,237,242,243,244,245,283,291,284,292,290,293,298,299,300,301,307,308,347,348,355,356,354,362,363,364,357,365,371,372,3246,3247,3262,3263,3248,3264,3249,3265,3278,3279,3280,3281,3294,3295,3296,3297,3503,3504,3519,3520,3518,3534,3535,3536,3521,3537,3551,3552,3759,3760,3775,3776,3774,3790,3791,3792,3777,3793,3807,3808,4031,4032,4047,4048,4287,4288,4303,4304,4543,4544,4559,4560
9,13,10,14,12,15,16,17,18,19,21,22,219,220,218,226,227,228,221,229,234,235,236,237,242,243,244,245,283,291,284,292,290,293,298,299,300,301,307,308,347,348,355,356,354,362,363,364,357,365,371,372,3246,3247,3262,3263,3248,3264,3249,3265,3278,3279,3280,3281,3294,3295,3296,3297,3503,3504,3519,3520,3518,3534,3535,3536,3521,3537,3551,3552,3759,3760,3775,3776,3774,3790,3791,3792,3777,3793,3807,3808,4031,4032,4047,4048,4287,4288,4303,4304,4543,4544,4559,4560
9,13,10,14,12,15,16,17,18,19,21,22,219,220,218,226,227,228,221,229,234,235,236,237,242,243,244,245,283,291,284,292,290,293,298,299,300,301,307,308,347,348,355,356,354,362,363,364,357,365,371,372,3246,3247,3262,3263,3248,3264,3249,3265,3278,3279,3280,3281,3294,3295,3296,3297,3503,3504,3519,3520,3518,3534,3535,3536,3521,3537,3551,3552,3759,3760,3775,3776,3774,3790,3791,3792,3777,3793,3807,3808,4031,4032,4047,4048,4287,4288,4303,4304,4543,4544,4559,4560
9,13,10,14,12,15,16,17,18,19,21,22,219,220,218,226,227,228,221,229,234,235,236,237,242,243,244,245,283,291,284,292,290,293,298,299,300,301,307,308,347,348,355,356,354,362,363,364,357,365,371,372,3246,3247,3262,3263,3248,3264,3249,3265,3278,3279,3280,3281,3294,3295,3296,3297,3503,3504,3519,3520,3518,3534,3535,3536,3521,3537,3551,3552,3759,3760,3775,3776,3774,3790,3791,3792,3777,3793,3807,3808,4031,4032,4047,4048,4287,4288,4303,4304,4543,4544,4559,4560
9,13,10,14,12,15,16,17,18,19,21,22,219,220,218,226,227,228,221,229,234,235,236,237,242,243,244,245,283,291,284,292,290,293,298,299,300,301,307,308,347,348,355,356,354,362,363,364,357,365,371,372,3246,3247,3262,3263,3248,3264,3249,3265,3278,3279,3280,3281,3294,3295,3296,3297,3503,3504,3519,3520,3518,3534,3535,3536,3521,3537,3551,3552,3759,3760,3775,3776,3774,3790,3791,3792,3777,3793,3807,3808,4031,4032,4047,4048,4287,4288,4303,4304,4543,4544,4559,4560
9,13,10,14,12,15,16,17,18,19,21,22,219,220,218,226,227,228,221,229,234,235,236,237,242,243,244,245,283,291,284,292,290,293,298,299,300,301,307,308,347,348,355,356,354,362,363,364,357,365,371,372,3246,3247,3262,3263,3248,3264,3249,3265,3278,3279,3280,3281,3294,3295,3296,3297,3503,3504,3519,3520,3518,3534,3535,3536,3521,3537,3551,3552,3759,3760,3775,3776,3774,3790,3791,3792,3777,3793,3807,3808,4031,4032,4047,4048,4287,4288,4303,4304,4543,4544,4559,4560
9,13,10,14,12,15,16,17,18,19,21,22,219,220,218,226,227,228,221,229,234,235,236,237,242,243,244,245,283,291,284,292,290,293,298,299,300,301,307,308,347,348,355,356,354,362,363,364,357,365,371,372,3246,3247,3262,3263,3248,3264,3249,3265,3278,3279,3280,3281,3294,3295,3296,3297,3503,3504,3519,3520,3518,3534,3535,3536,3521,3537,3551,3552,3759,3760,3775,3776,3774,3790,3791,3792,3777,3793,3807,3808,4031,4032,4047,4048,4287,4288,4303,4304,4543,4544,4559,4560
9,13,10,14,12,15,16,17,18,19,21,22,219,220,218,226,227,228,221,229,234,235,236,237,242,243,244,245,283,291,284,292,290,293,298,299,300,301,307,308,347,348,355,356,354,362,363,364,357,365,371,372,3246,3247,3262,3263,3248,3264,3249,3265,3278,3279,3280,3281,3294,3295,3296,3297,3503,3504,3519,3520,3518,3534,3535,3536,3521,3537,3551,3552,3759,3760,3775,3776,3774,3790,3791,3792,3777,3793,3807,3808,4031,4032,4047,4048,4287,4288,4303,4304,4543,4544,4559,4560
9,13,10,14,12,15,16,17,18,19,21,22,219,220,218,226,227,228,221,229,234,235,236,237,242,243,244,245,283,291,284,292,290,293,298,299,300,301,307,308,347,348,355,356,354,362,363,364,357,365,371,372,3246,3247,3262,3263,3248,3264,3249,3265,3278,3279,3280,3281,3294,3295,3296,3297,3503,3504,3519,3520,3518,3534,3535,3536,3521,3537,3551,3552,3759,3760,3775,3776,3774,3790,3791,3792,3777,3793,3807,3808,4031,4032,4047,4048,4287,4288,4303,4304,4543,4544,4559,4560
9,13,10,14,12,15,16,17,18,19,21,22,219,220,218,226,227,228,221,229,234,235,236,237,242,243,244,245,283,291,284,292,290,293,298,299,300,301,307,308,347,348,355,356,354,362,363,364,357,365,371,372,3246,3247,3262,3263,3248,3264,3249,3265,3278,3279,3280,3281,3294,3295,3296,3297,3503,3504,3519,3520,3518,3534,3535,3536,3521,3537,3551,3552,3759,3760,3775,3776,3774,3790,3791,3792,3777,3793,3807,3808,4031,4032,4047,4048,4287,4288,4303,4304,4543,4544,4559,4560
9,13,10,14,12,15,16,17,18,19,21,22,219,220,218,226,227,228,221,229,234,235,236,237,242,243,244,245,283,291,284,292,290,293,298,299,300,301,307,308,347,348,355,356,354,362,363,364,357,365,371,372,3246,3247,3262,3263,3248,3264,3249,3265,3278,3279,3280,3281,3294,3295,3296,3297,3503,3504,3519,3520,3518,3534,3535,3536,3521,3537,3551,3552,3759,3760,3775,3776,3774,3790,3791,3792,3777,3793,3807,3808,4031,4032,4047,4048,4287,4288,4303,4304,4543,4544,4559,4560
9,13,10,14,12,15,16,17,18,19,21,22,219,220,218,226,227,228,221,229,234,235,236,237,242,243,244,245,283,291,284,292,290,293,298,299,300,301,307,308,347,348,355,356,354,362,363,364,357,365,371,372,3246,3247,3262,3263,3248,3264,3249,3265,3278,3279,3280,3281,3294,3295,3296,3297,3503,3504,3519,3520,3518,3534,3535,3536,3521,3537,3550,3551,3552,3553,3759,3760,3775,3776,3774,3790,3791,3792,3777,3793,3807,3808,4031,4032,4047,4048,4287,4288,4303,4304,4543,4544,4559,4560
9,13,10,14,12,15,16,17,18,19,21,22,219,220,218,226,227,228,221,229,234,235,236,237,242,243,244,245,283,291,284,292,290,293,298,299,300,301,307,308,347,348,355,356,354,362,363,364,357,365,371,372,3246,3247,3262,3263,3248,3264,3249,3265,3278,3279,3280,3281,3294,3295,3296,3297,3503,3504,3519,3520,3518,3534,3535,3536,3521,3537,3550,3551,3552,3553,3759,3760,3775,3776,3774,3790,3791,3792,3777,3793,3807,3808,4031,4032,4047,4048,4287,4288,4303,4304,4543,4544,4559,4560
9,13,10,14,12,16,17,18,15,19,21,22,219,220,218,226,227,228,221,229,234,235,236,237,242,243,244,245,283,291,284,292,290,293,298,299,300,301,307,308,347,348,355,356,354,362,363,364,357,365,371,372,3246,3247,3262,3263,3248,3264,3249,3265,3278,3279,3280,3281,3294,3295,3296,3297,3503,3504,3519,3520,3518,3534,3535,3536,3521,3537,3551,3552,3759,3760,3775,3776,3791,3792,3777,3793,3807,3808,4031,4032,4047,4048,4287,4288,4303,4304,4543,4544,4559,4560
9,13,10,14,12,15,16,17,18,19,21,22,219,220,218,226,227,228,221,229,234,235,236,237,242,243,244,245,283,291,284,292,290,293,298,299,300,301,307,308,347,348,355,356,354,362,363,364,357,365,371,372,3246,3247,3262,3263,3248,3264,3249,3265,3278,3279,3280,3281,3294,3295,3296,3297,3503,3504,3519,3520,3518,3534,3535,3536,3521,3537,3551,3552,3553,3759,3760,3775,3776,3774,3790,3791,3792,3777,3793,3807,3808,4031,4032,4047,4048,4287,4288,4303,4304,4543,4544,4559,4560
9,13,10,14,12,15,16,17,18,19,21,22,219,220,218,226,227,228,221,229,234,235,236,237,242,243,244,245,283,291,284,292,290,293,298,299,300,301,307,308,347,348,355,356,354,362,363,364,357,365,371,372,3246,3247,3262,3263,3248,3264,3249,3265,3278,3279,3280,3281,3294,3295,3296,3297,3503,3504,3519,3520,3518,3534,3535,3536,3521,3537,3551,3552,3553,3759,3760,3775,3776,3774,3790,3791,3792,3777,3793,3807,3808,4031,4032,4047,4048,4287,4288,4303,4304,4543,4544,4559,4560
9,13,10,14,12,15,16,17,18,19,21,22,219,220,218,226,227,228,221,229,234,235,236,237,242,243,244,245,283,291,284,292,290,293,298,299,300,301,307,308,347,348,355,356,354,362,363,364,357,365,371,372,3246,3247,3262,3263,3248,3264,3249,3265,3278,3279,3280,3281,3294,3295,3296,3297,3503,3504,3519,3520,3518,3534,3535,3536,3521,3537,3551,3552,3759,3760,3775,3776,3774,3790,3791,3792,3777,3793,3807,3808,4031,4032,4047,4048,4287,4288,4303,4304,4543,4544,4559,4560
9,13,10,14,12,15,16,17,18,19,21,22,219,220,218,226,227,228,221,229,234,235,236,237,242,243,244,245,283,291,284,292,290,293,298,299,300,301,307,308,347,348,355,356,354,362,363,364,357,365,371,372,3246,3247,3262,3263,3248,3264,3249,3265,3278,3279,3280,3281,3294,3295,3296,3297,3503,3504,3519,3520,3518,3534,3535,3536,3521,3537,3551,3552,3759,3760,3775,3776,3774,3790,3791,3792,3777,3793,3807,3808,4031,4032,4047,4048,4287,4288,4303,4304,4543,4544,4559,4560
9,13,10,14,12,15,16,17,18,19,21,22,219,220,218,226,227,228,221,229,234,235,236,237,242,243,244,245,283,291,284,292,290,293,298,299,300,301,307,308,347,348,355,356,354,362,363,364,357,365,371,372,3246,3247,3262,3263,3248,3264,3249,3265,3278,3279,3280,3281,3294,3295,3296,3297,3503,3504,3519,3520,3518,3534,3535,3536,3521,3537,3551,3552,3759,3760,3775,3776,3774,3790,3791,3792,3777,3793,3807,3808,4031,4032,4047,4048,4287,4288,4303,4304,4543,4544,4559,4560
9,13,10,14,12,15,16,17,18,19,21,22,219,220,218,226,227,228,221,229,234,235,236,237,242,243,244,245,283,291,284,292,290,293,298,299,300,301,307,308,347,348,355,356,354,362,363,364,357,365,371,372,3246,3247,3262,3263,3248,3264,3249,3265,3278,3279,3280,3281,3294,3295,3296,3297,3503,3504,3519,3520,3518,3534,3535,3536,3521,3537,3551,3552,3759,3760,3775,3776,3774,3790,3791,3792,3777,3793,3807,3808,4031,4032,4047,4048,4287,4288,4303,4304,4543,4544,4559,4560
9,13,10,14,12,15,16,17,18,19,21,22,219,220,218,226,227,228,221,229,234,235,236,237,242,243,244,245,283,291,284,292,290,293,298,299,300,301,307,308,347,348,355,356,354,362,363,364,357,365,371,372,3246,3247,3262,3263,3248,3264,3249,3265,3278,3279,3280,3281,3294,3295,3296,3297,3503,3504,3519,3520,3518,3534,3535,3536,3521,3537,3551,3552,3759,3760,3775,3776,3774,3790,3791,3792,3777,3793,3807,3808,4031,4032,4047,4048,4287,4288,4303,4304,4543,4544,4559,4560
9,13,10,14,12,15,16,17,18,19,21,22,219,220,218,226,227,228,221,229,234,235,236,237,242,243,244,245,283,291,284,292,290,293,298,299,300,301,307,308,347,348,355,356,354,362,363,364,357,365,371,372,3246,3247,3262,3263,3248,3264,3249,3265,3278,3279,3280,3281,3294,3295,3296,3297,3503,3504,3519,3520,3518,3534,3535,3536,3521,3537,3551,3552,3759,3760,3775,3776,3774,3790,3791,3792,3777,3793,3807,3808,4031,4032,4047,4048,4287,4288,4303,4304,4543,4544,4559,4560
9,13,10,14,12,15,16,17,18,19,21,22,219,220,218,226,227,228,221,229,234,235,236,237,242,243,244,245,283,291,284,292,290,293,298,299,300,301,307,308,347,348,355,356,354,362,363,364,357,365,371,372,3246,3247,3262,3263,3248,3264,3249,3265,3278,3279,3280,3281,3294,3295,3296,3297,3503,3504,3519,3520,3518,3534,3535,3536,3521,3537,3551,3552,3759,3760,3775,3776,3774,3790,3791,3792,3777,3793,3807,3808,4031,4032,4047,4048,4287,4288,4303,4304,4543,4544,4559,4560
9,13,10,14,12,15,16,17,18,19,21,22,219,220,218,226,227,228,221,229,234,235,236,237,242,243,244,245,283,291,284,292,290,293,298,299,300,301,307,308,347,348,355,356,354,362,363,364,357,365,371,372,3246,3247,3262,3263,3248,3264,3249,3265,3278,3279,3280,3281,3294,3295,3296,3297,3503,3504,3519,3520,3518,3534,3535,3536,3521,3537,3551,3552,3759,3760,3775,3776,3774,3790,3791,3792,3777,3793,3807,3808,4031,4032,4047,4048,4287,4288,4303,4304,4543,4544,4559,4560
9,13,10,14,12,15,16,17,18,19,21,22,219,220,218,226,227,228,221,229,234,235,236,237,242,243,244,245,283,291,284,292,290,293,298,299,300,301,307,308,347,348,355,356,354,362,363,364,357,365,371,372,3246,3247,3262,3263,3248,3264,3249,3265,3278,3279,3280,3281,3294,3295,3296,3297,3503,3504,3519,3520,3518,3534,3535,3536,3521,3537,3551,3552,3759,3760,3775,3776,3774,3790,3791,3792,3777,3793,3807,3808,4031,4032,4047,4048,4287,4288,4303,4304,4543,4544,4559,4560
9,13,10,14,12,15,16,17,18,19,21,22,219,220,218,226,227,228,221,229,234,235,236,237,242,243,244,245,283,291,284,292,290,293,298,299,300,301,307,308,347,348,355,356,354,362,363,364,357,365,371,372,3246,3247,3262,3263,3248,3264,3249,3265,3278,3279,3280,3281,3294,3295,3296,3297,3503,3504,3519,3520,3518,3534,3535,3536,3521,3537,3551,3552,3759,3760,3775,3776,3774,3790,3791,3792,3777,3793,3807,3808,4031,4032,4047,4048,4287,4288,4303,4304,4543,4544,4559,4560
9,13,10,14,12,15,16,17,18,19,21,22,219,220,218,226,227,228,221,229,234,235,236,237,242,243,244,245,283,291,284,292,290,293,298,299,300,301,307,308,347,348,355,356,354,362,363,364,357,365,371,372,3246,3247,3262,3263,3248,3264,3249,3265,3278,3279,3280,3281,3294,3295,3296,3297,3503,3504,3519,3520,3518,3534,3535,3536,3521,3537,3551,3552,3759,3760,3775,3776,3774,3790,3791,3792,3777,3793,3807,3808,4031,4032,4047,4048,4287,4288,4303,4304,4543,4544,4559,4560
9,13,10,14,12,15,16,17,18,19,21,22,219,220,218,226,227,228,221,229,234,235,236,237,242,243,244,245,283,291,284,292,290,293,298,299,300,301,307,308,347,348,355,356,354,362,363,364,357,365,371,372,3246,3247,3262,3263,3248,3264,3249,3265,3278,3279,3280,3281,3294,3295,3296,3297,3503,3504,3519,3520,3518,3534,3535,3536,3521,3537,3551,3552,3759,3760,3775,3776,3774,3790,3791,3792,3777,3793,3807,3808,4031,4032,4047,4048,4287,4288,4303,4304,4543,4544,4559,4560
9,13,10,14,12,15,16,17,18,19,21,22,219,220,218,226,227,228,221,229,234,235,236,237,242,243,244,245,283,291,284,292,290,293,298,299,300,301,307,308,347,348,355,356,354,362,363,364,357,365,371,372,3246,3247,3262,3263,3248,3264,3249,3265,3278,3279,3280,3281,3294,3295,3296,3297,3503,3504,3519,3520,3518,3534,3535,3536,3521,3537,3551,3552,3759,3760,3775,3776,3774,3790,3791,3792,3777,3793,3807,3808,4031,4032,4047,4048,4287,4288,4303,4304,4543,4544,4559,4560
9,13,10,14,12,16,17,18,15,19,21,22,219,220,218,226,227,228,221,229,234,235,236,237,242,243,244,245,283,291,284,292,290,293,298,299,300,301,307,308,347,348,355,356,354,362,363,364,357,365,371,372,3246,3247,3262,3263,3248,3264,3249,3265,3278,3279,3280,3281,3294,3295,3296,3297,3503,3504,3519,3520,3518,3534,3535,3536,3521,3537,3551,3552,3759,3760,3775,3776,3791,3792,3777,3793,3807,3808,4031,4032,4047,4048,4287,4288,4303,4304,4543,4544,4559,4560
9,13,10,14,12,15,16,17,18,19,21,22,219,220,218,226,227,228,221,229,234,235,236,237,242,243,244,245,283,291,284,292,290,293,298,299,300,301,307,308,347,348,355,356,354,362,363,364,357,365,371,372,3246,3247,3262,3263,3248,3264,3249,3265,3278,3279,3280,3281,3294,3295,3296,3297,3503,3504,3519,3520,3518,3534,3535,3536,3521,3537,3551,3552,3553,3759,3760,3775,3776,3774,3790,3791,3792,3777,3793,3807,3808,4031,4032,4047,4048,4287,4288,4303,4304,4543,4544,4559,4560
9,13,10,14,12,15,16,17,18,19,21,22,219,220,218,226,227,228,221,229,234,235,236,237,242,243,244,245,283,291,284,292,290,293,298,299,300,301,307,308,347,348,355,356,354,362,363,364,357,365,371,372,3246,3247,3262,3263,3248,3264,3249,3265,3278,3279,3280,3281,3294,3295,3296,3297,3503,3504,3519,3520,3518,3534,3535,3536,3521,3537,3551,3552,3553,3759,3760,3775,3776,3774,3790,3791,3792,3777,3793,3807,3808,4031,4032,4047,4048,4287,4288,4303,4304,4543,4544,4559,4560
9,13,10,14,12,15,16,17,18,19,21,22,219,220,218,226,227,228,221,229,234,235,236,237,242,243,244,245,283,291,284,292,290,293,298,299,300,301,307,308,347,348,355,356,354,362,363,364,357,365,371,372,3246,3247,3262,3263,3248,3264,3249,3265,3278,3279,3280,3281,3294,3295,3296,3297,3503,3504,3519,3520,3518,3534,3535,3536,3521,3537,3551,3552,3759,3760,3775,3776,3774,3790,3791,3792,3777,3793,3807,3808,4031,4032,4047,4048,4287,4288,4303,4304,4543,4544,4559,4560
9,13,10,14,12,15,16,17,18,19,21,22,219,220,218,226,227,228,221,229,234,235,236,237,242,243,244,245,283,291,284,292,290,293,298,299,300,301,307,308,347,348,355,356,354,362,363,364,357,365,371,372,3246,3247,3262,3263,3248,3264,3249,3265,3278,3279,3280,3281,3294,3295,3296,3297,3503,3504,3519,3520,3518,3534,3535,3536,3521,3537,3551,3552,3759,3760,3775,3776,3774,3790,3791,3792,3777,3793,3807,3808,4031,4032,4047,4048,4287,4288,4303,4304,4543,4544,4559,4560
9,13,10,14,12,15,16,17,18,19,21,22,219,220,218,226,227,228,221,229,234,235,236,237,242,243,244,245,283,291,284,292,290,293,298,299,300,301,307,308,347,348,355,356,354,362,363,364,357,365,371,372,3246,3247,3262,3263,3248,3264,3249,3265,3278,3279,3280,3281,3294,3295,3296,3297,3503,3504,3519,3520,3518,3534,3535,3536,3521,3537,3551,3552,3759,3760,3775,3776,3774,3790,3791,3792,3777,3793,3807,3808,4031,4032,4047,4048,4287,4288,4303,4304,4543,4544,4559,4560
9,13,10,14,12,15,16,17,18,19,21,22,219,220,218,226,227,228,221,229,234,235,236,237,242,243,244,245,283,291,284,292,290,293,298,299,300,301,307,308,347,348,355,356,354,362,363,364,357,365,371,372,3246,3247,3262,3263,3248,3264,3249,3265,3278,3279,3280,3281,3294,3295,3296,3297,3503,3504,3519,3520,3518,3534,3535,3536,3521,3537,3551,3552,3759,3760,3775,3776,3774,3790,3791,3792,3777,3793,3807,3808,4031,4032,4047,4048,4287,4288,4303,4304,4543,4544,4559,4560
9,13,10,14,12,15,16,17,18,19,21,22,219,220,218,226,227,228,221,229,234,235,236,237,242,243,244,245,283,291,284,292,290,293,298,299,300,301,307,308,347,348,355,356,354,362,363,364,357,365,371,372,3246,3247,3262,3263,3248,3264,3249,3265,3278,3279,3280,3281,3294,3295,3296,3297,3503,3504,3519,3520,3518,3534,3535,3536,3521,3537,3551,3552,3759,3760,3775,3776,3774,3790,3791,3792,3777,3793,3807,3808,4031,4032,4047,4048,4287,4288,4303,4304,4543,4544,4559,4560
9,13,10,14,12,15,16,17,18,19,21,22,219,220,218,226,227,228,221,229,234,235,236,237,242,243,244,245,283,291,284,292,290,293,298,299,300,301,307,308,347,348,355,356,354,362,363,364,357,365,371,372,3246,3247,3262,3263,3248,3264,3249,3265,3278,3279,3280,3281,3294,3295,3296,3297,3503,3504,3519,3520,3518,3534,3535,3536,3521,3537,3551,3552,3759,3760,3775,3776,3774,3790,3791,3792,3777,3793,3807,3808,4031,4032,4047,4048,4287,4288,4303,4304,4543,4544,4559,4560
9,13,10,14,12,15,16,17,18,19,21,22,219,220,218,226,227,228,221,229,234,235,236,237,242,243,244,245,283,291,284,292,290,293,298,299,300,301,307,308,347,348,355,356,354,362,363,364,357,365,371,372,3246,3247,3262,3263,3248,3264,3249,3265,3278,3279,3280,3281,3294,3295,3296,3297,3503,3504,3519,3520,3518,3534,3535,3536,3521,3537,3551,3552,3759,3760,3775,3776,3774,3790,3791,3792,3777,3793,3807,3808,4031,4032,4047,4048,4287,4288,4303,4304,4543,4544,4559,4560
9,13,10,14,12,15,16,17,18,19,21,22,219,220,218,226,227,228,221,229,234,235,236,237,242,243,244,245,283,291,284,292,290,293,298,299,300,301,307,308,347,348,355,356,354,362,363,364,357,365,371,372,3246,3247,3262,3263,3248,3264,3249,3265,3278,3279,3280,3281,3294,3295,3296,3297,3503,3504,3519,3520,3518,3534,3535,3536,3521,3537,3551,3552,3759,3760,3775,3776,3774,3790,3791,3792,3777,3793,3807,3808,4031,4032,4047,4048,4287,4288,4303,4304,4543,4544,4559,4560
9,13,10,14,12,15,16,17,18,19,21,22,219,220,218,226,227,228,221,229,234,235,236,237,242,243,244,245,283,291,284,292,290,293,298,299,300,301,307,308,347,348,355,356,354,362,363,364,357,365,371,372,3246,3247,3262,3263,3248,3264,3249,3265,3278,3279,3280,3281,3294,3295,3296,3297,3503,3504,3519,3520,3518,3534,3535,3536,3521,3537,3551,3552,3759,3760,3775,3776,3774,3790,3791,3792,3777,3793,3807,3808,4031,4032,4047,4048,4287,4288,4303,4304,4543,4544,4559,4560
9,13,10,14,12,15,16,17,18,19,21,22,219,220,218,226,227,228,221,229,234,235,236,237,242,243,244,245,283,291,284,292,290,293,298,299,300,301,307,308,347,348,355,356,354,362,363,364,357,365,371,372,3246,3247,3262,3263,3248,3264,3249,3265,3278,3279,3280,3281,3294,3295,3296,3297,3503,3504,3519,3520,3518,3534,3535,3536,3521,3537,3551,3552,3759,3760,3775,3776,3774,3790,3791,3792,3777,3793,3807,3808,4031,4032,4047,4048,4287,4288,4303,4304,4543,4544,4559,4560
9,13,10,14,12,15,16,17,18,19,21,22,219,220,218,226,227,228,221,229,234,235,236,237,242,243,244,245,283,291,284,292,290,293,298,299,300,301,307,308,347,348,355,356,354,362,363,364,357,365,371,372,3246,3247,3262,3263,3248,3264,3249,3265,3278,3279,3280,3281,3294,3295,3296,3297,3503,3504,3519,3520,3518,3534,3535,3536,3521,3537,3551,3552,3759,3760,3775,3776,3774,3790,3791,3792,3777,3793,3807,3808,4031,4032,4047,4048,4287,4288,4303,4304,4543,4544,4559,4560
9,13,10,14,12,15,16,17,18,19,21,22,219,220,218,226,227,228,221,229,234,235,236,237,242,243,244,245,283,291,284,292,290,293,298,299,300,301,307,308,347,348,355,356,354,362,363,364,357,365,371,372,3246,3247,3262,3263,3248,3264,3249,3265,3278,3279,3280,3281,3294,3295,3296,3297,3503,3504,3519,3520,3518,3534,3535,3536,3521,3537,3551,3552,3759,3760,3775,3776,3774,3790,3791,3792,3777,3793,3807,3808,4031,4032,4047,4048,4287,4288,4303,4304,4543,4544,4559,4560
9,13,10,14,12,15,16,17,18,19,21,22,219,220,218,226,227,228,221,229,234,235,236,237,242,243,244,245,283,291,284,292,290,293,298,299,300,301,307,308,347,348,355,356,354,362,363,364,357,365,371,372,3246,3247,3262,3263,3248,3264,3249,3265,3278,3279,3280,3281,3294,3295,3296,3297,3503,3504,3519,3520,3518,3534,3535,3536,3521,3537,3551,3552,3759,3760,3775,3776,3774,3790,3791,3792,3777,3793,3807,3808,4031,4032,4047,4048,4287,4288,4303,4304,4543,4544,4559,4560
9,13,10,14,12,15,16,17,18,19,21,22,219,220,218,226,227,228,221,229,234,235,236,237,242,243,244,245,283,291,284,292,290,293,298,299,300,301,307,308,347,348,355,356,354,362,363,364,357,365,371,372,3246,3247,3262,3263,3248,3264,3249,3265,3278,3279,3280,3281,3294,3295,3296,3297,3503,3504,3519,3520,3518,3534,3535,3536,3521,3537,3551,3552,3759,3760,3775,3776,3774,3790,3791,3792,3777,3793,3807,3808,4031,4032,4047,4048,4287,4288,4303,4304,4543,4544,4559,4560
9,13,10,14,12,15,16,17,18,19,21,22,219,220,218,226,227,228,221,229,234,235,236,237,242,243,244,245,283,291,284,292,290,293,298,299,300,301,307,308,347,348,355,356,354,362,363,364,357,365,371,372,3246,3247,3262,3263,3248,3264,3249,3265,3278,3279,3280,3281,3294,3295,3296,3297,3503,3504,3519,3520,3518,3534,3535,3536,3521,3537,3551,3552,3759,3760,3775,3776,3774,3790,3791,3792,3777,3793,3807,3808,4031,4032,4047,4048,4287,4288,4303,4304,4543,4544,4559,4560
9,13,10,14,12,15,16,17,18,19,21,22,219,220,218,226,227,228,221,229,234,235,236,237,242,243,244,245,283,291,284,292,290,293,298,299,300,301,307,308,347,348,355,356,354,362,363,364,357,365,371,372,3246,3247,3262,3263,3248,3264,3249,3265,3278,3279,3280,3281,3294,3295,3296,3297,3503,3504,3519,3520,3518,3534,3535,3536,3521,3537,3551,3552,3759,3760,3775,3776,3774,3790,3791,3792,3777,3793,3807,3808,4031,4032,4047,4048,4287,4288,4303,4304,4543,4544,4559,4560
9,13,10,14,12,15,16,17,18,19,21,22,219,220,218,226,227,228,221,229,234,235,236,237,242,243,244,245,283,291,284,292,290,293,298,299,300,301,307,308,347,348,355,356,354,362,363,364,357,365,371,372,3246,3247,3262,3263,3248,3264,3249,3265,3278,3279,3280,3281,3294,3295,3296,3297,3503,3504,3519,3520,3518,3534,3535,3536,3521,3537,3551,3552,3759,3760,3775,3776,3774,3790,3791,3792,3777,3793,3807,3808,4031,4032,4047,4048,4287,4288,4303,4304,4543,4544,4559,4560
9,13,10,14,12,15,16,17,18,19,21,22,219,220,218,226,227,228,221,229,234,235,236,237,242,243,244,245,283,291,284,292,290,293,298,299,300,301,307,308,347,348,355,356,354,362,363,364,357,365,371,372,3246,3247,3262,3263,3248,3264,3249,3265,3278,3279,3280,3281,3294,3295,3296,3297,3503,3504,3519,3520,3518,3534,3535,3536,3521,3537,3550,3551,3552,3553,3759,3760,3775,3776,3774,3790,3791,3792,3777,3793,3807,3808,4031,4032,4047,4048,4287,4288,4303,4304,4543,4544,4559,4560
9,13,10,14,12,15,16,17,18,19,21,22,219,220,218,226,227,228,221,229,234,235,236,237,242,243,244,245,283,291,284,292,290,293,298,299,300,301,307,308,347,348,355,356,354,362,363,364,357,365,371,372,3246,3247,3262,3263,3248,3264,3249,3265,3278,3279,3280,3281,3294,3295,3296,3297,3503,3504,3519,3520,3518,3534,3535,3536,3521,3537,3550,3551,3552,3553,3759,3760,3775,3776,3774,3790,3791,3792,3777,3793,3807,3808,4031,4032,4047,4048,4287,4288,4303,4304,4543,4544,4559,4560
9,13,10,14,15,12,16,17,18,19,21,22,219,220,218,226,227,228,221,229,234,235,236,237,242,243,244,245,283,291,284,292,285,293,290,298,299,300,301,307,308,347,355,348,356,354,357,362,363,364,365,371,372,3246,3247,3262,3263,3248,3264,3249,3265,3278,3279,3280,3281,3294,3295,3296,3297,3502,3503,3518,3519,3504,3520,3505,3521,3534,3535,3536,3537,3550,3551,3552,3553,3759,3760,3775,3776,3774,3790,3791,3792,3777,3793,3807,3808,4031,4032,4047,4048,4287,4288,4303,4304,4543,4544,4559,4560
9,13,10,14,12,15,16,17,18,19,21,22,219,220,218,226,227,228,221,229,234,235,236,237,242,243,244,245,282,283,290,291,284,292,285,293,298,299,300,301,307,308,347,355,348,356,354,357,362,363,364,365,371,372,3246,3247,3262,3263,3248,3264,3249,3265,3278,3279,3280,3281,3294,3295,3296,3297,3502,3503,3518,3519,3504,3520,3505,3521,3534,3535,3536,3537,3550,3551,3552,3553,3759,3760,3775,3776,3774,3790,3791,3792,3777,3793,3807,3808,4031,4032,4047,4048,4063,4064,4287,4288,4303,4304,4543,4544,4559,4560
9,13,10,14,12,15,16,17,18,19,21,22,219,220,218,226,227,228,221,229,234,235,236,237,242,243,244,245,282,283,290,291,284,292,285,293,298,299,300,301,307,308,309,347,355,348,356,354,357,362,363,364,365,371,372,3246,3247,3262,3263,3248,3264,3249,3265,3278,3279,3280,3281,3294,3295,3296,3297,3502,3503,3518,3519,3504,3520,3505,3521,3534,3535,3536,3537,3550,3551,3552,3553,3759,3760,3775,3776,3774,3790,3791,3792,3777,3793,3807,3808,4030,4031,4046,4047,4032,4048,4063,4064,4287,4288,4303,4304,4543,4544,4559,4560
9,13,10,14,12,15,16,17,18,19,21,22,219,220,218,226,227,228,221,229,234,235,236,237,242,243,244,245,282,283,290,291,284,292,285,293,298,299,300,301,306,307,308,309,347,355,348,356,354,357,362,363,364,365,371,372,3246,3247,3262,3263,3248,3264,3249,3265,3278,3279,3280,3281,3294,3295,3296,3297,3502,3503,3518,3519,3504,3520,3505,3521,3534,3535,3536,3537,3550,3551,3552,3553,3759,3760,3775,3776,3774,3790,3791,3792,3777,3793,3807,3808,4030,4031,4046,4047,4032,4048,4063,4064,4287,4288,4303,4304,4543,4544,4559,4560
9,13,10,14,12,15,16,17,18,19,21,22,219,220,218,226,227,228,221,229,234,235,236,237,242,243,244,245,282,283,290,291,284,292,285,293,298,299,300,301,306,307,308,309,347,355,348,356,354,357,362,363,364,365,371,372,3246,3247,3262,3263,3248,3264,3249,3265,3278,3279,3280,3281,3294,3295,3296,3297,3502,3503,3518,3519,3504,3520,3505,3521,3534,3535,3536,3537,3550,3551,3552,3553,3759,3760,3775,3776,3774,3790,3791,3792,3777,3793,3807,3808,4030,4031,4046,4047,4032,4048,4063,4064,4287,4288,4303,4304,4543,4544,4559,4560
9,13,10,14,12,15,16,17,18,19,21,22,219,220,218,226,227,228,221,229,234,235,236,237,242,243,244,245,282,283,290,291,284,292,285,293,298,299,300,301,306,307,308,309,347,355,348,356,354,357,362,363,364,365,371,372,3246,3247,3262,3263,3248,3264,3249,3265,3278,3279,3280,3281,3294,3295,3296,3297,3502,3503,3518,3519,3504,3520,3505,3521,3534,3535,3536,3537,3550,3551,3552,3553,3759,3760,3775,3776,3774,3790,3791,3792,3777,3793,3807,3808,4030,4031,4046,4047,4032,4048,4063,4064,4287,4288,4303,4304,4543,4544,4559,4560
9,13,10,14,12,15,16,17,18,19,21,22,219,220,218,226,227,228,221,229,234,235,236,237,242,243,244,245,282,283,290,291,284,292,285,293,298,299,300,301,306,307,308,309,347,355,348,356,354,357,362,363,364,365,371,372,3246,3247,3262,3263,3248,3264,3249,3265,3278,3279,3280,3281,3294,3295,3296,3297,3502,3503,3518,3519,3504,3520,3505,3521,3534,3535,3536,3537,3550,3551,3552,3553,3759,3760,3775,3776,3774,3790,3791,3792,3777,3793,3807,3808,4030,4031,4046,4047,4032,4048,4063,4064,4287,4288,4303,4304,4543,4544,4559,4560
9,13,10,14,12,15,16,17,18,19,21,22,219,220,218,226,227,228,221,229,234,235,236,237,242,243,244,245,282,283,290,291,284,292,285,293,298,299,300,301,306,307,308,309,347,355,348,356,354,357,362,363,364,365,371,372,3246,3247,3262,3263,3248,3264,3249,3265,3278,3279,3280,3281,3294,3295,3296,3297,3502,3503,3518,3519,3504,3520,3505,3521,3534,3535,3536,3537,3550,3551,3552,3553,3759,3760,3775,3776,3774,3790,3791,3792,3777,3793,3807,3808,4030,4031,4046,4047,4032,4048,4033,4049,4063,4064,4287,4288,4303,4304,4543,4544,4559,4560
9,13,10,14,12,15,16,17,18,19,21,22,219,220,218,226,227,228,221,229,234,235,236,237,242,243,244,245,282,283,290,291,284,292,285,293,298,299,300,301,306,307,308,309,347,355,348,356,354,357,362,363,364,365,371,372,3246,3247,3262,3263,3248,3264,3249,3265,3278,3279,3280,3281,3294,3295,3296,3297,3502,3503,3518,3519,3504,3520,3505,3521,3534,3535,3536,3537,3550,3551,3552,3553,3759,3760,3775,3776,3774,3790,3791,3792,3777,3793,3807,3808,4015,4016,4031,4032,4030,4046,4047,4048,4033,4049,4063,4064,4287,4288,4303,4304,4543,4544,4559,4560
9,13,10,14,12,15,16,17,18,19,21,22,219,220,218,226,227,228,221,229,234,235,236,237,242,243,244,245,283,284,282,290,291,292,285,293,298,299,300,301,306,307,308,309,347,355,348,356,354,357,362,363,364,365,371,372,3246,3247,3262,3263,3248,3264,3249,3265,3278,3279,3280,3281,3294,3295,3296,3297,3502,3503,3518,3519,3504,3520,3505,3521,3534,3535,3536,3537,3550,3551,3552,3553,3759,3760,3775,3776,3774,3790,3791,3792,3777,3793,3806,3807,3808,4015,4016,4031,4032,4030,4046,4047,4048,4033,4049,4063,4064,4287,4288,4303,4304,4543,4544,4559,4560
9,13,10,14,12,15,16,17,18,19,21,22,219,220,221,218,226,227,228,229,234,235,236,237,242,243,244,245,283,284,282,290,291,292,285,293,298,299,300,301,306,307,308,309,347,355,348,356,354,357,362,363,364,365,371,372,3246,3247,3262,3263,3248,3264,3249,3265,3278,3279,3280,3281,3294,3295,3296,3297,3502,3503,3518,3519,3504,3520,3505,3521,3534,3535,3536,3537,3550,3551,3552,3553,3759,3760,3775,3776,3774,3790,3791,3792,3777,3793,3806,3807,3808,4015,4016,4031,4032,4030,4046,4047,4048,4033,4049,4063,4064,4287,4288,4303,4304,4543,4544,4559,4560
9,13,10,14,12,15,16,17,18,19,21,22,219,220,221,218,226,227,228,229,234,235,236,237,242,243,244,245,283,284,282,290,291,292,285,293,298,299,300,301,306,307,308,309,347,355,348,356,354,357,362,363,364,365,371,372,420,3246,3247,3262,3263,3278,3279,3280,3281,3294,3295,3296,3297,3502,3503,3518,3519,3534,3535,3536,3537,3550,3551,3552,3553,3759,3760,3775,3776,3774,3790,3791,3792,3777,3793,3806,3807,3808,4015,4016,4031,4032,4030,4046,4047,4048,4033,4049,4063,4064,4287,4288,4303,4304,4543,4544,4559,4560
9,13,10,14,12,15,16,17,18,19,21,22,219,220,221,218,226,227,228,229,234,235,236,237,242,243,244,245,283,284,282,290,291,292,285,293,298,299,300,301,306,307,308,309,347,355,348,356,354,357,362,363,364,365,371,372,419,420,427,428,3758,3759,3774,3775,3760,3776,3790,3791,3792,3777,3793,3806,3807,3808,3809,4015,4016,4031,4032,4030,4046,4047,4048,4033,4049,4063,4064,4287,4288,4303,4304,4543,4544,4559,4560
9,13,10,14,12,15,16,17,18,19,21,22,219,220,221,218,226,227,228,229,234,235,236,237,242,243,244,245,283,284,282,290,291,292,285,293,298,299,300,301,306,307,308,309,347,355,348,356,354,357,362,363,364,365,371,372,419,420,418,426,427,428,435,436,3758,3759,3774,3775,3760,3776,3790,3791,3792,3777,3793,3806,3807,3808,3809,4015,4016,4031,4032,4030,4046,4047,4048,4033,4049,4063,4064,4286,4287,4302,4303,4288,4304,4543,4544,4559,4560
9,13,10,14,12,15,16,17,18,19,21,22,218,219,220,221,226,227,228,229,234,235,236,237,242,243,244,245,283,284,282,290,291,292,285,293,298,299,300,301,306,307,308,309,347,355,348,356,354,357,362,363,364,365,371,372,411,412,419,420,418,426,427,428,421,429,435,436,3758,3759,3774,3775,3760,3776,3761,3777,3790,3791,3792,3793,3806,3807,3808,3809,4015,4016,4031,4032,4030,4046,4047,4048,4033,4049,4063,4064,4286,4287,4302,4303,4288,4304,4319,4320,4543,4544,4559,4560
9,13,10,14,12,15,16,17,18,19,21,22,218,219,220,221,226,227,228,229,234,235,236,237,242,243,244,245,283,284,282,290,291,292,285,293,298,299,300,301,306,307,308,309,347,355,348,356,354,357,362,363,364,365,371,372,411,412,419,420,418,426,427,428,421,429,435,436,3758,3759,3774,3775,3760,3776,3761,3777,3790,3791,3792,3793,3806,3807,3808,3809,4015,4016,4031,4032,4030,4046,4047,4048,4033,4049,4063,4064,4286,4287,4302,4303,4288,4304,4319,4320,4543,4544,4559,4560
9,13,10,14,12,15,16,17,18,19,21,22,218,219,220,221,226,227,228,229,234,235,236,237,242,243,244,245,283,284,282,290,291,292,285,293,298,299,300,301,306,307,308,309,347,355,348,356,354,357,362,363,364,365,371,372,411,412,419,420,418,426,427,428,421,429,435,436,3758,3759,3774,3775,3760,3776,3761,3777,3790,3791,3792,3793,3806,3807,3808,3809,4015,4016,4031,4032,4030,4046,4047,4048,4033,4049,4063,4064,4286,4287,4302,4303,4288,4304,4319,4320,4543,4544,4559,4560
9,13,10,14,12,15,16,17,18,19,21,22,218,219,220,221,226,227,228,229,234,235,236,237,242,243,244,245,283,284,282,290,291,292,285,293,298,299,300,301,306,307,308,309,347,355,348,356,354,357,362,363,364,365,371,372,411,412,419,420,418,426,427,428,421,429,435,436,3758,3759,3774,3775,3760,3776,3761,3777,3790,3791,3792,3793,3806,3807,3808,3809,4015,4016,4031,4032,4030,4046,4047,4048,4033,4049,4063,4064,4271,4272,4287,4288,4286,4302,4303,4304,4319,4320,4543,4544,4559,4560
9,13,10,14,15,12,16,17,18,19,21,22,218,219,220,221,226,227,228,229,234,235,236,237,242,243,244,245,283,284,282,290,291,292,285,293,298,299,300,301,306,307,308,309,347,355,348,356,354,357,362,363,364,365,371,372,411,412,419,420,418,426,427,428,421,429,435,436,3758,3759,3774,3775,3760,3776,3761,3777,3790,3791,3792,3793,3806,3807,3808,3809,4015,4016,4031,4032,4030,4046,4047,4048,4033,4049,4062,4063,4064,4271,4272,4287,4288,4286,4302,4303,4304,4289,4305,4319,4320,4543,4544,4559,4560
9,13,10,14,15,12,16,17,18,19,21,22,218,219,220,221,226,227,228,229,234,235,236,237,242,243,244,245,283,284,282,290,291,292,285,293,298,299,300,301,306,307,308,309,347,355,348,356,354,357,362,363,364,365,371,372,411,412,419,420,418,426,427,428,421,429,435,436,3758,3759,3774,3775,3760,3776,3761,3777,3790,3791,3792,3793,3806,3807,3808,3809,4014,4015,4030,4031,4016,4032,4046,4047,4048,4033,4049,4062,4063,4064,4271,4272,4287,4288,4286,4302,4303,4304,4289,4305,4319,4320,4543,4544,4559,4560
9,10,13,14,15,12,16,17,18,19,21,22,218,219,220,221,226,227,228,229,234,235,236,237,242,243,244,245,283,284,282,290,291,292,285,293,298,299,300,301,306,307,308,309,347,355,348,356,354,357,362,363,364,365,371,372,411,419,412,420,418,426,427,428,421,429,435,436,3758,3759,3774,3775,3760,3776,3761,3777,3790,3791,3792,3793,3806,3807,3808,3809,4014,4015,4030,4031,4016,4032,4046,4047,4048,4033,4049,4062,4063,4064,4065,4271,4272,4287,4288,4286,4302,4303,4304,4289,4305,4319,4320,4542,4543,4558,4559,4544,4560
